(kicad_pcb (version 20171130) (host pcbnew 5.0.1-33cea8e~68~ubuntu18.04.1)

  (general
    (thickness 1.6)
    (drawings 34)
    (tracks 647)
    (zones 0)
    (modules 47)
    (nets 41)
  )

  (page A4)
  (layers
    (0 F.Cu signal)
    (31 B.Cu signal)
    (32 B.Adhes user)
    (33 F.Adhes user)
    (34 B.Paste user)
    (35 F.Paste user)
    (36 B.SilkS user)
    (37 F.SilkS user)
    (38 B.Mask user)
    (39 F.Mask user)
    (40 Dwgs.User user hide)
    (41 Cmts.User user)
    (42 Eco1.User user hide)
    (43 Eco2.User user)
    (44 Edge.Cuts user)
    (45 Margin user)
    (46 B.CrtYd user)
    (47 F.CrtYd user)
    (48 B.Fab user hide)
    (49 F.Fab user hide)
  )

  (setup
    (last_trace_width 0.154)
    (user_trace_width 0.1016)
    (user_trace_width 0.154)
    (user_trace_width 0.2)
    (user_trace_width 0.3)
    (user_trace_width 0.4)
    (user_trace_width 0.5)
    (user_trace_width 0.8)
    (trace_clearance 0.154)
    (zone_clearance 0.154)
    (zone_45_only yes)
    (trace_min 0.1016)
    (segment_width 0.15)
    (edge_width 0.15)
    (via_size 0.6)
    (via_drill 0.3)
    (via_min_size 0.4)
    (via_min_drill 0.3)
    (user_via 0.6 0.3)
    (user_via 0.7 0.4)
    (uvia_size 0.3)
    (uvia_drill 0.1)
    (uvias_allowed no)
    (uvia_min_size 0.2)
    (uvia_min_drill 0.1)
    (pcb_text_width 0.3)
    (pcb_text_size 1.5 1.5)
    (mod_edge_width 0.15)
    (mod_text_size 0.3 0.3)
    (mod_text_width 0.075)
    (pad_size 2 2)
    (pad_drill 0)
    (pad_to_mask_clearance 0.051)
    (solder_mask_min_width 0.25)
    (aux_axis_origin 0 0)
    (visible_elements FFFFFF7F)
    (pcbplotparams
      (layerselection 0x010fc_ffffffff)
      (usegerberextensions true)
      (usegerberattributes true)
      (usegerberadvancedattributes false)
      (creategerberjobfile false)
      (excludeedgelayer false)
      (linewidth 0.100000)
      (plotframeref false)
      (viasonmask false)
      (mode 1)
      (useauxorigin false)
      (hpglpennumber 1)
      (hpglpenspeed 20)
      (hpglpendiameter 15.000000)
      (psnegative false)
      (psa4output false)
      (plotreference true)
      (plotvalue true)
      (plotinvisibletext false)
      (padsonsilk false)
      (subtractmaskfromsilk false)
      (outputformat 1)
      (mirror false)
      (drillshape 0)
      (scaleselection 1)
      (outputdirectory "gerber_protel/"))
  )

  (net 0 "")
  (net 1 GNDD)
  (net 2 "Net-(C8-Pad2)")
  (net 3 "Net-(R6-Pad1)")
  (net 4 "Net-(U3-Pad3)")
  (net 5 VPP)
  (net 6 "Net-(C8-Pad1)")
  (net 7 +5V)
  (net 8 "Net-(C4-Pad1)")
  (net 9 "Net-(C5-Pad1)")
  (net 10 WS2812)
  (net 11 +3V3)
  (net 12 PWM)
  (net 13 "Net-(R5-Pad2)")
  (net 14 "Net-(R4-Pad2)")
  (net 15 GPIO0)
  (net 16 ADC)
  (net 17 "Net-(U2-Pad4)")
  (net 18 "Net-(J3-Pad2)")
  (net 19 "Net-(U4-Pad20)")
  (net 20 "Net-(U4-Pad22)")
  (net 21 "Net-(U4-Pad19)")
  (net 22 "Net-(U4-Pad23)")
  (net 23 "Net-(U4-Pad21)")
  (net 24 "Net-(U4-Pad18)")
  (net 25 "Net-(U4-Pad8)")
  (net 26 CLK)
  (net 27 MISO)
  (net 28 MOSI)
  (net 29 CS)
  (net 30 INT)
  (net 31 RXD)
  (net 32 TXD)
  (net 33 "Net-(D3-Pad2)")
  (net 34 "Net-(D4-Pad2)")
  (net 35 "Net-(D5-Pad2)")
  (net 36 "Net-(D6-Pad2)")
  (net 37 "Net-(J2-Pad4)")
  (net 38 "Net-(AE1-Pad1)")
  (net 39 "Net-(U4-Pad5)")
  (net 40 "Net-(L2-Pad2)")

  (net_class Default "This is the default net class."
    (clearance 0.154)
    (trace_width 0.154)
    (via_dia 0.6)
    (via_drill 0.3)
    (uvia_dia 0.3)
    (uvia_drill 0.1)
    (add_net +3V3)
    (add_net +5V)
    (add_net ADC)
    (add_net CLK)
    (add_net CS)
    (add_net GNDD)
    (add_net GPIO0)
    (add_net INT)
    (add_net MISO)
    (add_net MOSI)
    (add_net "Net-(AE1-Pad1)")
    (add_net "Net-(C4-Pad1)")
    (add_net "Net-(C5-Pad1)")
    (add_net "Net-(C8-Pad1)")
    (add_net "Net-(C8-Pad2)")
    (add_net "Net-(D3-Pad2)")
    (add_net "Net-(D4-Pad2)")
    (add_net "Net-(D5-Pad2)")
    (add_net "Net-(D6-Pad2)")
    (add_net "Net-(J2-Pad4)")
    (add_net "Net-(J3-Pad2)")
    (add_net "Net-(L2-Pad2)")
    (add_net "Net-(R4-Pad2)")
    (add_net "Net-(R5-Pad2)")
    (add_net "Net-(R6-Pad1)")
    (add_net "Net-(U2-Pad4)")
    (add_net "Net-(U3-Pad3)")
    (add_net "Net-(U4-Pad18)")
    (add_net "Net-(U4-Pad19)")
    (add_net "Net-(U4-Pad20)")
    (add_net "Net-(U4-Pad21)")
    (add_net "Net-(U4-Pad22)")
    (add_net "Net-(U4-Pad23)")
    (add_net "Net-(U4-Pad5)")
    (add_net "Net-(U4-Pad8)")
    (add_net PWM)
    (add_net RXD)
    (add_net TXD)
    (add_net VPP)
    (add_net WS2812)
  )

  (module Resistor_SMD:R_0402_1005Metric (layer F.Cu) (tedit 5C07A7E9) (tstamp 5C1DE32F)
    (at 100.45 114.55 45)
    (descr "Resistor SMD 0402 (1005 Metric), square (rectangular) end terminal, IPC_7351 nominal, (Body size source: http://www.tortai-tech.com/upload/download/2011102023233369053.pdf), generated with kicad-footprint-generator")
    (tags resistor)
    (path /5BF1C274)
    (attr smd)
    (fp_text reference R5 (at 0 -1.17 45) (layer F.SilkS)
      (effects (font (size 0.3 0.3) (thickness 0.075)))
    )
    (fp_text value 12k (at 0 1.17 45) (layer F.Fab)
      (effects (font (size 1 1) (thickness 0.15)))
    )
    (fp_line (start -0.5 0.25) (end -0.5 -0.25) (layer F.Fab) (width 0.1))
    (fp_line (start -0.5 -0.25) (end 0.5 -0.25) (layer F.Fab) (width 0.1))
    (fp_line (start 0.5 -0.25) (end 0.5 0.25) (layer F.Fab) (width 0.1))
    (fp_line (start 0.5 0.25) (end -0.5 0.25) (layer F.Fab) (width 0.1))
    (fp_line (start -0.93 0.47) (end -0.93 -0.47) (layer F.CrtYd) (width 0.05))
    (fp_line (start -0.93 -0.47) (end 0.93 -0.47) (layer F.CrtYd) (width 0.05))
    (fp_line (start 0.93 -0.47) (end 0.93 0.47) (layer F.CrtYd) (width 0.05))
    (fp_line (start 0.93 0.47) (end -0.93 0.47) (layer F.CrtYd) (width 0.05))
    (fp_text user %R (at 0 0 45) (layer F.Fab)
      (effects (font (size 0.25 0.25) (thickness 0.04)))
    )
    (pad 1 smd roundrect (at -0.485 0 45) (size 0.59 0.64) (layers F.Cu F.Paste F.Mask) (roundrect_rratio 0.25)
      (net 11 +3V3))
    (pad 2 smd roundrect (at 0.6 0 45) (size 0.59 0.64) (layers F.Cu F.Paste F.Mask) (roundrect_rratio 0.25)
      (net 13 "Net-(R5-Pad2)"))
    (model ${KISYS3DMOD}/Resistor_SMD.3dshapes/R_0402_1005Metric.wrl
      (at (xyz 0 0 0))
      (scale (xyz 1 1 1))
      (rotate (xyz 0 0 0))
    )
  )

  (module Capacitor_SMD:C_0402_1005Metric (layer B.Cu) (tedit 5B301BBE) (tstamp 5C1F06B1)
    (at 106.3 111.25)
    (descr "Capacitor SMD 0402 (1005 Metric), square (rectangular) end terminal, IPC_7351 nominal, (Body size source: http://www.tortai-tech.com/upload/download/2011102023233369053.pdf), generated with kicad-footprint-generator")
    (tags capacitor)
    (path /5BF31F47)
    (attr smd)
    (fp_text reference C15 (at 0 1.17) (layer B.SilkS)
      (effects (font (size 1 1) (thickness 0.15)) (justify mirror))
    )
    (fp_text value 10u (at 0 -1.17) (layer B.Fab)
      (effects (font (size 1 1) (thickness 0.15)) (justify mirror))
    )
    (fp_line (start -0.5 -0.25) (end -0.5 0.25) (layer B.Fab) (width 0.1))
    (fp_line (start -0.5 0.25) (end 0.5 0.25) (layer B.Fab) (width 0.1))
    (fp_line (start 0.5 0.25) (end 0.5 -0.25) (layer B.Fab) (width 0.1))
    (fp_line (start 0.5 -0.25) (end -0.5 -0.25) (layer B.Fab) (width 0.1))
    (fp_line (start -0.93 -0.47) (end -0.93 0.47) (layer B.CrtYd) (width 0.05))
    (fp_line (start -0.93 0.47) (end 0.93 0.47) (layer B.CrtYd) (width 0.05))
    (fp_line (start 0.93 0.47) (end 0.93 -0.47) (layer B.CrtYd) (width 0.05))
    (fp_line (start 0.93 -0.47) (end -0.93 -0.47) (layer B.CrtYd) (width 0.05))
    (fp_text user %R (at 0 0) (layer B.Fab)
      (effects (font (size 0.25 0.25) (thickness 0.04)) (justify mirror))
    )
    (pad 1 smd roundrect (at -0.485 0) (size 0.59 0.64) (layers B.Cu B.Paste B.Mask) (roundrect_rratio 0.25)
      (net 7 +5V))
    (pad 2 smd roundrect (at 0.485 0) (size 0.59 0.64) (layers B.Cu B.Paste B.Mask) (roundrect_rratio 0.25)
      (net 1 GNDD))
    (model ${KISYS3DMOD}/Capacitor_SMD.3dshapes/C_0402_1005Metric.wrl
      (at (xyz 0 0 0))
      (scale (xyz 1 1 1))
      (rotate (xyz 0 0 0))
    )
  )

  (module Inductor_SMD:L_0603_1608Metric (layer B.Cu) (tedit 5B301BBE) (tstamp 5C1EA76D)
    (at 99.68992 118.07444 90)
    (descr "Inductor SMD 0603 (1608 Metric), square (rectangular) end terminal, IPC_7351 nominal, (Body size source: http://www.tortai-tech.com/upload/download/2011102023233369053.pdf), generated with kicad-footprint-generator")
    (tags inductor)
    (path /5BF2916B)
    (attr smd)
    (fp_text reference L2 (at 0 1.43 90) (layer B.SilkS)
      (effects (font (size 0.3 0.3) (thickness 0.075)) (justify mirror))
    )
    (fp_text value L_Small (at 0 -1.43 90) (layer B.Fab)
      (effects (font (size 1 1) (thickness 0.15)) (justify mirror))
    )
    (fp_line (start -0.8 -0.4) (end -0.8 0.4) (layer B.Fab) (width 0.1))
    (fp_line (start -0.8 0.4) (end 0.8 0.4) (layer B.Fab) (width 0.1))
    (fp_line (start 0.8 0.4) (end 0.8 -0.4) (layer B.Fab) (width 0.1))
    (fp_line (start 0.8 -0.4) (end -0.8 -0.4) (layer B.Fab) (width 0.1))
    (fp_line (start -0.162779 0.51) (end 0.162779 0.51) (layer B.SilkS) (width 0.12))
    (fp_line (start -0.162779 -0.51) (end 0.162779 -0.51) (layer B.SilkS) (width 0.12))
    (fp_line (start -1.48 -0.73) (end -1.48 0.73) (layer B.CrtYd) (width 0.05))
    (fp_line (start -1.48 0.73) (end 1.48 0.73) (layer B.CrtYd) (width 0.05))
    (fp_line (start 1.48 0.73) (end 1.48 -0.73) (layer B.CrtYd) (width 0.05))
    (fp_line (start 1.48 -0.73) (end -1.48 -0.73) (layer B.CrtYd) (width 0.05))
    (fp_text user %R (at 0 0 90) (layer B.Fab)
      (effects (font (size 0.4 0.4) (thickness 0.06)) (justify mirror))
    )
    (pad 1 smd roundrect (at -0.7875 0 90) (size 0.875 0.95) (layers B.Cu B.Paste B.Mask) (roundrect_rratio 0.25)
      (net 38 "Net-(AE1-Pad1)"))
    (pad 2 smd roundrect (at 0.7875 0 90) (size 0.875 0.95) (layers B.Cu B.Paste B.Mask) (roundrect_rratio 0.25)
      (net 40 "Net-(L2-Pad2)"))
    (model ${KISYS3DMOD}/Inductor_SMD.3dshapes/L_0603_1608Metric.wrl
      (at (xyz 0 0 0))
      (scale (xyz 1 1 1))
      (rotate (xyz 0 0 0))
    )
  )

  (module Capacitor_SMD:C_0402_1005Metric (layer B.Cu) (tedit 5B301BBE) (tstamp 5C1E9AA2)
    (at 88.48344 109.07776)
    (descr "Capacitor SMD 0402 (1005 Metric), square (rectangular) end terminal, IPC_7351 nominal, (Body size source: http://www.tortai-tech.com/upload/download/2011102023233369053.pdf), generated with kicad-footprint-generator")
    (tags capacitor)
    (path /5C26591E)
    (attr smd)
    (fp_text reference C19 (at 0 1.17) (layer B.SilkS)
      (effects (font (size 0.3 0.3) (thickness 0.075)) (justify mirror))
    )
    (fp_text value 0.1µ (at 0 -1.17) (layer B.Fab)
      (effects (font (size 1 1) (thickness 0.15)) (justify mirror))
    )
    (fp_line (start -0.5 -0.25) (end -0.5 0.25) (layer B.Fab) (width 0.1))
    (fp_line (start -0.5 0.25) (end 0.5 0.25) (layer B.Fab) (width 0.1))
    (fp_line (start 0.5 0.25) (end 0.5 -0.25) (layer B.Fab) (width 0.1))
    (fp_line (start 0.5 -0.25) (end -0.5 -0.25) (layer B.Fab) (width 0.1))
    (fp_line (start -0.93 -0.47) (end -0.93 0.47) (layer B.CrtYd) (width 0.05))
    (fp_line (start -0.93 0.47) (end 0.93 0.47) (layer B.CrtYd) (width 0.05))
    (fp_line (start 0.93 0.47) (end 0.93 -0.47) (layer B.CrtYd) (width 0.05))
    (fp_line (start 0.93 -0.47) (end -0.93 -0.47) (layer B.CrtYd) (width 0.05))
    (fp_text user %R (at 0 0) (layer B.Fab)
      (effects (font (size 0.25 0.25) (thickness 0.04)) (justify mirror))
    )
    (pad 1 smd roundrect (at -0.485 0) (size 0.59 0.64) (layers B.Cu B.Paste B.Mask) (roundrect_rratio 0.25)
      (net 11 +3V3))
    (pad 2 smd roundrect (at 0.485 0) (size 0.59 0.64) (layers B.Cu B.Paste B.Mask) (roundrect_rratio 0.25)
      (net 1 GNDD))
    (model ${KISYS3DMOD}/Capacitor_SMD.3dshapes/C_0402_1005Metric.wrl
      (at (xyz 0 0 0))
      (scale (xyz 1 1 1))
      (rotate (xyz 0 0 0))
    )
  )

  (module Capacitor_SMD:C_0603_1608Metric (layer F.Cu) (tedit 5B301BBE) (tstamp 5C1E424A)
    (at 78.12532 116.24564 225)
    (descr "Capacitor SMD 0603 (1608 Metric), square (rectangular) end terminal, IPC_7351 nominal, (Body size source: http://www.tortai-tech.com/upload/download/2011102023233369053.pdf), generated with kicad-footprint-generator")
    (tags capacitor)
    (path /5BF08222)
    (attr smd)
    (fp_text reference C11 (at 0 -1.43 225) (layer F.SilkS)
      (effects (font (size 0.3 0.3) (thickness 0.075)))
    )
    (fp_text value 0.1µ (at 0 1.43 225) (layer F.Fab)
      (effects (font (size 1 1) (thickness 0.15)))
    )
    (fp_text user %R (at 0 0 225) (layer F.Fab)
      (effects (font (size 0.4 0.4) (thickness 0.06)))
    )
    (fp_line (start 1.48 0.73) (end -1.48 0.73) (layer F.CrtYd) (width 0.05))
    (fp_line (start 1.48 -0.73) (end 1.48 0.73) (layer F.CrtYd) (width 0.05))
    (fp_line (start -1.48 -0.73) (end 1.48 -0.73) (layer F.CrtYd) (width 0.05))
    (fp_line (start -1.48 0.73) (end -1.48 -0.73) (layer F.CrtYd) (width 0.05))
    (fp_line (start -0.162779 0.51) (end 0.162779 0.51) (layer F.SilkS) (width 0.12))
    (fp_line (start -0.162779 -0.51) (end 0.162779 -0.51) (layer F.SilkS) (width 0.12))
    (fp_line (start 0.8 0.4) (end -0.8 0.4) (layer F.Fab) (width 0.1))
    (fp_line (start 0.8 -0.4) (end 0.8 0.4) (layer F.Fab) (width 0.1))
    (fp_line (start -0.8 -0.4) (end 0.8 -0.4) (layer F.Fab) (width 0.1))
    (fp_line (start -0.8 0.4) (end -0.8 -0.4) (layer F.Fab) (width 0.1))
    (pad 2 smd roundrect (at 0.787501 0 225) (size 0.875 0.95) (layers F.Cu F.Paste F.Mask) (roundrect_rratio 0.25)
      (net 1 GNDD))
    (pad 1 smd roundrect (at -0.787501 0 225) (size 0.875 0.95) (layers F.Cu F.Paste F.Mask) (roundrect_rratio 0.25)
      (net 7 +5V))
    (model ${KISYS3DMOD}/Capacitor_SMD.3dshapes/C_0603_1608Metric.wrl
      (at (xyz 0 0 0))
      (scale (xyz 1 1 1))
      (rotate (xyz 0 0 0))
    )
  )

  (module Capacitor_SMD:C_0603_1608Metric (layer F.Cu) (tedit 5B301BBE) (tstamp 5C1E415A)
    (at 75.87488 115.5192 180)
    (descr "Capacitor SMD 0603 (1608 Metric), square (rectangular) end terminal, IPC_7351 nominal, (Body size source: http://www.tortai-tech.com/upload/download/2011102023233369053.pdf), generated with kicad-footprint-generator")
    (tags capacitor)
    (path /5BF08122)
    (attr smd)
    (fp_text reference C10 (at 0 -1.43 180) (layer F.SilkS)
      (effects (font (size 0.3 0.3) (thickness 0.075)))
    )
    (fp_text value 0.1µ (at 0 1.43 180) (layer F.Fab)
      (effects (font (size 1 1) (thickness 0.15)))
    )
    (fp_line (start -0.8 0.4) (end -0.8 -0.4) (layer F.Fab) (width 0.1))
    (fp_line (start -0.8 -0.4) (end 0.8 -0.4) (layer F.Fab) (width 0.1))
    (fp_line (start 0.8 -0.4) (end 0.8 0.4) (layer F.Fab) (width 0.1))
    (fp_line (start 0.8 0.4) (end -0.8 0.4) (layer F.Fab) (width 0.1))
    (fp_line (start -0.162779 -0.51) (end 0.162779 -0.51) (layer F.SilkS) (width 0.12))
    (fp_line (start -0.162779 0.51) (end 0.162779 0.51) (layer F.SilkS) (width 0.12))
    (fp_line (start -1.48 0.73) (end -1.48 -0.73) (layer F.CrtYd) (width 0.05))
    (fp_line (start -1.48 -0.73) (end 1.48 -0.73) (layer F.CrtYd) (width 0.05))
    (fp_line (start 1.48 -0.73) (end 1.48 0.73) (layer F.CrtYd) (width 0.05))
    (fp_line (start 1.48 0.73) (end -1.48 0.73) (layer F.CrtYd) (width 0.05))
    (fp_text user %R (at 0 0 180) (layer F.Fab)
      (effects (font (size 0.4 0.4) (thickness 0.06)))
    )
    (pad 1 smd roundrect (at -0.7875 0 180) (size 0.875 0.95) (layers F.Cu F.Paste F.Mask) (roundrect_rratio 0.25)
      (net 7 +5V))
    (pad 2 smd roundrect (at 0.7875 0 180) (size 0.875 0.95) (layers F.Cu F.Paste F.Mask) (roundrect_rratio 0.25)
      (net 1 GNDD))
    (model ${KISYS3DMOD}/Capacitor_SMD.3dshapes/C_0603_1608Metric.wrl
      (at (xyz 0 0 0))
      (scale (xyz 1 1 1))
      (rotate (xyz 0 0 0))
    )
  )

  (module Crystal:Crystal_SMD_SeikoEpson_FA238-4Pin_3.2x2.5mm (layer F.Cu) (tedit 5A0FD1B2) (tstamp 5C1E01BF)
    (at 91.85148 115.05692 270)
    (descr "crystal Epson Toyocom FA-238 https://support.epson.biz/td/api/doc_check.php?dl=brief_fa-238v_en.pdf, 3.2x2.5mm^2 package")
    (tags "SMD SMT crystal")
    (path /5C263556)
    (attr smd)
    (fp_text reference Y1 (at 0 -2.45 270) (layer F.SilkS)
      (effects (font (size 0.3 0.3) (thickness 0.075)))
    )
    (fp_text value Crystal_GND24 (at 0 2.45 270) (layer F.Fab)
      (effects (font (size 1 1) (thickness 0.15)))
    )
    (fp_text user %R (at 0 0 270) (layer F.Fab)
      (effects (font (size 0.7 0.7) (thickness 0.105)))
    )
    (fp_line (start -1.5 -1.25) (end 1.5 -1.25) (layer F.Fab) (width 0.1))
    (fp_line (start 1.5 -1.25) (end 1.6 -1.15) (layer F.Fab) (width 0.1))
    (fp_line (start 1.6 -1.15) (end 1.6 1.15) (layer F.Fab) (width 0.1))
    (fp_line (start 1.6 1.15) (end 1.5 1.25) (layer F.Fab) (width 0.1))
    (fp_line (start 1.5 1.25) (end -1.5 1.25) (layer F.Fab) (width 0.1))
    (fp_line (start -1.5 1.25) (end -1.6 1.15) (layer F.Fab) (width 0.1))
    (fp_line (start -1.6 1.15) (end -1.6 -1.15) (layer F.Fab) (width 0.1))
    (fp_line (start -1.6 -1.15) (end -1.5 -1.25) (layer F.Fab) (width 0.1))
    (fp_line (start -1.6 0.25) (end -0.6 1.25) (layer F.Fab) (width 0.1))
    (fp_line (start -2 -1.6) (end -2 1.6) (layer F.SilkS) (width 0.12))
    (fp_line (start -2 1.6) (end 2 1.6) (layer F.SilkS) (width 0.12))
    (fp_line (start -2.1 -1.7) (end -2.1 1.7) (layer F.CrtYd) (width 0.05))
    (fp_line (start -2.1 1.7) (end 2.1 1.7) (layer F.CrtYd) (width 0.05))
    (fp_line (start 2.1 1.7) (end 2.1 -1.7) (layer F.CrtYd) (width 0.05))
    (fp_line (start 2.1 -1.7) (end -2.1 -1.7) (layer F.CrtYd) (width 0.05))
    (pad 1 smd rect (at -1.1 0.8 270) (size 1.4 1.2) (layers F.Cu F.Paste F.Mask)
      (net 8 "Net-(C4-Pad1)"))
    (pad 2 smd rect (at 1.1 0.8 270) (size 1.4 1.2) (layers F.Cu F.Paste F.Mask)
      (net 1 GNDD))
    (pad 3 smd rect (at 1.1 -0.8 270) (size 1.4 1.2) (layers F.Cu F.Paste F.Mask)
      (net 9 "Net-(C5-Pad1)"))
    (pad 4 smd rect (at -1.1 -0.8 270) (size 1.4 1.2) (layers F.Cu F.Paste F.Mask)
      (net 1 GNDD))
    (model ${KISYS3DMOD}/Crystal.3dshapes/Crystal_SMD_SeikoEpson_FA238-4Pin_3.2x2.5mm.wrl
      (at (xyz 0 0 0))
      (scale (xyz 1 1 1))
      (rotate (xyz 0 0 0))
    )
  )

  (module Capacitor_SMD:C_0603_1608Metric (layer F.Cu) (tedit 5B301BBE) (tstamp 5C1DE815)
    (at 87.13216 117.25148)
    (descr "Capacitor SMD 0603 (1608 Metric), square (rectangular) end terminal, IPC_7351 nominal, (Body size source: http://www.tortai-tech.com/upload/download/2011102023233369053.pdf), generated with kicad-footprint-generator")
    (tags capacitor)
    (path /5C261FDC)
    (attr smd)
    (fp_text reference C18 (at 0 -1.43) (layer F.SilkS)
      (effects (font (size 0.3 0.3) (thickness 0.075)))
    )
    (fp_text value 1u (at 0 1.43) (layer F.Fab)
      (effects (font (size 1 1) (thickness 0.15)))
    )
    (fp_text user %R (at 0 0) (layer F.Fab)
      (effects (font (size 0.4 0.4) (thickness 0.06)))
    )
    (fp_line (start 1.48 0.73) (end -1.48 0.73) (layer F.CrtYd) (width 0.05))
    (fp_line (start 1.48 -0.73) (end 1.48 0.73) (layer F.CrtYd) (width 0.05))
    (fp_line (start -1.48 -0.73) (end 1.48 -0.73) (layer F.CrtYd) (width 0.05))
    (fp_line (start -1.48 0.73) (end -1.48 -0.73) (layer F.CrtYd) (width 0.05))
    (fp_line (start -0.162779 0.51) (end 0.162779 0.51) (layer F.SilkS) (width 0.12))
    (fp_line (start -0.162779 -0.51) (end 0.162779 -0.51) (layer F.SilkS) (width 0.12))
    (fp_line (start 0.8 0.4) (end -0.8 0.4) (layer F.Fab) (width 0.1))
    (fp_line (start 0.8 -0.4) (end 0.8 0.4) (layer F.Fab) (width 0.1))
    (fp_line (start -0.8 -0.4) (end 0.8 -0.4) (layer F.Fab) (width 0.1))
    (fp_line (start -0.8 0.4) (end -0.8 -0.4) (layer F.Fab) (width 0.1))
    (pad 2 smd roundrect (at 0.7875 0) (size 0.875 0.95) (layers F.Cu F.Paste F.Mask) (roundrect_rratio 0.25)
      (net 1 GNDD))
    (pad 1 smd roundrect (at -0.7875 0) (size 0.875 0.95) (layers F.Cu F.Paste F.Mask) (roundrect_rratio 0.25)
      (net 5 VPP))
    (model ${KISYS3DMOD}/Capacitor_SMD.3dshapes/C_0603_1608Metric.wrl
      (at (xyz 0 0 0))
      (scale (xyz 1 1 1))
      (rotate (xyz 0 0 0))
    )
  )

  (module Capacitor_SMD:C_0603_1608Metric (layer F.Cu) (tedit 5B301BBE) (tstamp 5C1DE7C5)
    (at 91.5035 112.268)
    (descr "Capacitor SMD 0603 (1608 Metric), square (rectangular) end terminal, IPC_7351 nominal, (Body size source: http://www.tortai-tech.com/upload/download/2011102023233369053.pdf), generated with kicad-footprint-generator")
    (tags capacitor)
    (path /5C400914)
    (attr smd)
    (fp_text reference C4 (at 0 -1.43) (layer F.SilkS)
      (effects (font (size 0.3 0.3) (thickness 0.075)))
    )
    (fp_text value 10p (at 0 1.43) (layer F.Fab)
      (effects (font (size 1 1) (thickness 0.15)))
    )
    (fp_text user %R (at 0 0) (layer F.Fab)
      (effects (font (size 0.4 0.4) (thickness 0.06)))
    )
    (fp_line (start 1.48 0.73) (end -1.48 0.73) (layer F.CrtYd) (width 0.05))
    (fp_line (start 1.48 -0.73) (end 1.48 0.73) (layer F.CrtYd) (width 0.05))
    (fp_line (start -1.48 -0.73) (end 1.48 -0.73) (layer F.CrtYd) (width 0.05))
    (fp_line (start -1.48 0.73) (end -1.48 -0.73) (layer F.CrtYd) (width 0.05))
    (fp_line (start -0.162779 0.51) (end 0.162779 0.51) (layer F.SilkS) (width 0.12))
    (fp_line (start -0.162779 -0.51) (end 0.162779 -0.51) (layer F.SilkS) (width 0.12))
    (fp_line (start 0.8 0.4) (end -0.8 0.4) (layer F.Fab) (width 0.1))
    (fp_line (start 0.8 -0.4) (end 0.8 0.4) (layer F.Fab) (width 0.1))
    (fp_line (start -0.8 -0.4) (end 0.8 -0.4) (layer F.Fab) (width 0.1))
    (fp_line (start -0.8 0.4) (end -0.8 -0.4) (layer F.Fab) (width 0.1))
    (pad 2 smd roundrect (at 0.7875 0) (size 0.875 0.95) (layers F.Cu F.Paste F.Mask) (roundrect_rratio 0.25)
      (net 1 GNDD))
    (pad 1 smd roundrect (at -0.7875 0) (size 0.875 0.95) (layers F.Cu F.Paste F.Mask) (roundrect_rratio 0.25)
      (net 8 "Net-(C4-Pad1)"))
    (model ${KISYS3DMOD}/Capacitor_SMD.3dshapes/C_0603_1608Metric.wrl
      (at (xyz 0 0 0))
      (scale (xyz 1 1 1))
      (rotate (xyz 0 0 0))
    )
  )

  (module Capacitor_SMD:C_0603_1608Metric (layer F.Cu) (tedit 5B301BBE) (tstamp 5C1DE7B5)
    (at 91.78544 117.94236 180)
    (descr "Capacitor SMD 0603 (1608 Metric), square (rectangular) end terminal, IPC_7351 nominal, (Body size source: http://www.tortai-tech.com/upload/download/2011102023233369053.pdf), generated with kicad-footprint-generator")
    (tags capacitor)
    (path /5C40082D)
    (attr smd)
    (fp_text reference C5 (at 0 -1.43 180) (layer F.SilkS)
      (effects (font (size 0.3 0.3) (thickness 0.075)))
    )
    (fp_text value 10p (at 0 1.43 180) (layer F.Fab)
      (effects (font (size 1 1) (thickness 0.15)))
    )
    (fp_line (start -0.8 0.4) (end -0.8 -0.4) (layer F.Fab) (width 0.1))
    (fp_line (start -0.8 -0.4) (end 0.8 -0.4) (layer F.Fab) (width 0.1))
    (fp_line (start 0.8 -0.4) (end 0.8 0.4) (layer F.Fab) (width 0.1))
    (fp_line (start 0.8 0.4) (end -0.8 0.4) (layer F.Fab) (width 0.1))
    (fp_line (start -0.162779 -0.51) (end 0.162779 -0.51) (layer F.SilkS) (width 0.12))
    (fp_line (start -0.162779 0.51) (end 0.162779 0.51) (layer F.SilkS) (width 0.12))
    (fp_line (start -1.48 0.73) (end -1.48 -0.73) (layer F.CrtYd) (width 0.05))
    (fp_line (start -1.48 -0.73) (end 1.48 -0.73) (layer F.CrtYd) (width 0.05))
    (fp_line (start 1.48 -0.73) (end 1.48 0.73) (layer F.CrtYd) (width 0.05))
    (fp_line (start 1.48 0.73) (end -1.48 0.73) (layer F.CrtYd) (width 0.05))
    (fp_text user %R (at 0 0 180) (layer F.Fab)
      (effects (font (size 0.4 0.4) (thickness 0.06)))
    )
    (pad 1 smd roundrect (at -0.7875 0 180) (size 0.875 0.95) (layers F.Cu F.Paste F.Mask) (roundrect_rratio 0.25)
      (net 9 "Net-(C5-Pad1)"))
    (pad 2 smd roundrect (at 0.7875 0 180) (size 0.875 0.95) (layers F.Cu F.Paste F.Mask) (roundrect_rratio 0.25)
      (net 1 GNDD))
    (model ${KISYS3DMOD}/Capacitor_SMD.3dshapes/C_0603_1608Metric.wrl
      (at (xyz 0 0 0))
      (scale (xyz 1 1 1))
      (rotate (xyz 0 0 0))
    )
  )

  (module Capacitor_SMD:C_0603_1608Metric (layer F.Cu) (tedit 5B301BBE) (tstamp 5C1DE7A5)
    (at 94.65056 115.90528 225)
    (descr "Capacitor SMD 0603 (1608 Metric), square (rectangular) end terminal, IPC_7351 nominal, (Body size source: http://www.tortai-tech.com/upload/download/2011102023233369053.pdf), generated with kicad-footprint-generator")
    (tags capacitor)
    (path /5BF0C2A1)
    (attr smd)
    (fp_text reference C7 (at 0 -1.43 225) (layer F.SilkS)
      (effects (font (size 0.3 0.3) (thickness 0.075)))
    )
    (fp_text value 10u (at 0 1.43 225) (layer F.Fab)
      (effects (font (size 1 1) (thickness 0.15)))
    )
    (fp_text user %R (at 0 0 225) (layer F.Fab)
      (effects (font (size 0.4 0.4) (thickness 0.06)))
    )
    (fp_line (start 1.48 0.73) (end -1.48 0.73) (layer F.CrtYd) (width 0.05))
    (fp_line (start 1.48 -0.73) (end 1.48 0.73) (layer F.CrtYd) (width 0.05))
    (fp_line (start -1.48 -0.73) (end 1.48 -0.73) (layer F.CrtYd) (width 0.05))
    (fp_line (start -1.48 0.73) (end -1.48 -0.73) (layer F.CrtYd) (width 0.05))
    (fp_line (start -0.162779 0.51) (end 0.162779 0.51) (layer F.SilkS) (width 0.12))
    (fp_line (start -0.162779 -0.51) (end 0.162779 -0.51) (layer F.SilkS) (width 0.12))
    (fp_line (start 0.8 0.4) (end -0.8 0.4) (layer F.Fab) (width 0.1))
    (fp_line (start 0.8 -0.4) (end 0.8 0.4) (layer F.Fab) (width 0.1))
    (fp_line (start -0.8 -0.4) (end 0.8 -0.4) (layer F.Fab) (width 0.1))
    (fp_line (start -0.8 0.4) (end -0.8 -0.4) (layer F.Fab) (width 0.1))
    (pad 2 smd roundrect (at 0.787501 0 225) (size 0.875 0.95) (layers F.Cu F.Paste F.Mask) (roundrect_rratio 0.25)
      (net 1 GNDD))
    (pad 1 smd roundrect (at -0.787501 0 225) (size 0.875 0.95) (layers F.Cu F.Paste F.Mask) (roundrect_rratio 0.25)
      (net 11 +3V3))
    (model ${KISYS3DMOD}/Capacitor_SMD.3dshapes/C_0603_1608Metric.wrl
      (at (xyz 0 0 0))
      (scale (xyz 1 1 1))
      (rotate (xyz 0 0 0))
    )
  )

  (module Capacitor_SMD:C_0603_1608Metric (layer F.Cu) (tedit 5B301BBE) (tstamp 5C1DE795)
    (at 86.32952 109.36224)
    (descr "Capacitor SMD 0603 (1608 Metric), square (rectangular) end terminal, IPC_7351 nominal, (Body size source: http://www.tortai-tech.com/upload/download/2011102023233369053.pdf), generated with kicad-footprint-generator")
    (tags capacitor)
    (path /5BF08098)
    (attr smd)
    (fp_text reference C9 (at 0 -1.43) (layer F.SilkS)
      (effects (font (size 0.3 0.3) (thickness 0.075)))
    )
    (fp_text value 10u (at 0 1.43) (layer F.Fab)
      (effects (font (size 1 1) (thickness 0.15)))
    )
    (fp_line (start -0.8 0.4) (end -0.8 -0.4) (layer F.Fab) (width 0.1))
    (fp_line (start -0.8 -0.4) (end 0.8 -0.4) (layer F.Fab) (width 0.1))
    (fp_line (start 0.8 -0.4) (end 0.8 0.4) (layer F.Fab) (width 0.1))
    (fp_line (start 0.8 0.4) (end -0.8 0.4) (layer F.Fab) (width 0.1))
    (fp_line (start -0.162779 -0.51) (end 0.162779 -0.51) (layer F.SilkS) (width 0.12))
    (fp_line (start -0.162779 0.51) (end 0.162779 0.51) (layer F.SilkS) (width 0.12))
    (fp_line (start -1.48 0.73) (end -1.48 -0.73) (layer F.CrtYd) (width 0.05))
    (fp_line (start -1.48 -0.73) (end 1.48 -0.73) (layer F.CrtYd) (width 0.05))
    (fp_line (start 1.48 -0.73) (end 1.48 0.73) (layer F.CrtYd) (width 0.05))
    (fp_line (start 1.48 0.73) (end -1.48 0.73) (layer F.CrtYd) (width 0.05))
    (fp_text user %R (at 0 0) (layer F.Fab)
      (effects (font (size 0.4 0.4) (thickness 0.06)))
    )
    (pad 1 smd roundrect (at -0.7875 0) (size 0.875 0.95) (layers F.Cu F.Paste F.Mask) (roundrect_rratio 0.25)
      (net 7 +5V))
    (pad 2 smd roundrect (at 0.7875 0) (size 0.875 0.95) (layers F.Cu F.Paste F.Mask) (roundrect_rratio 0.25)
      (net 1 GNDD))
    (model ${KISYS3DMOD}/Capacitor_SMD.3dshapes/C_0603_1608Metric.wrl
      (at (xyz 0 0 0))
      (scale (xyz 1 1 1))
      (rotate (xyz 0 0 0))
    )
  )

  (module TestPoint:TestPoint_Pad_1.0x1.0mm (layer B.Cu) (tedit 5C06C1A4) (tstamp 5C292420)
    (at 97.68332 121.81332 20)
    (descr "SMD rectangular pad as test Point, square 1.0mm side length")
    (tags "test point SMD pad rectangle square")
    (path /5BF2D6C7)
    (attr virtual)
    (fp_text reference AE1 (at -1.007627 0.017678 -250) (layer B.SilkS)
      (effects (font (size 0.3 0.3) (thickness 0.075)) (justify mirror))
    )
    (fp_text value Antenna (at 0 -1.550001 20) (layer B.Fab)
      (effects (font (size 1 1) (thickness 0.15)) (justify mirror))
    )
    (fp_text user %R (at 0 1.45 20) (layer B.Fab)
      (effects (font (size 1 1) (thickness 0.15)) (justify mirror))
    )
    (fp_line (start -0.7 0.7) (end 0.7 0.7) (layer B.SilkS) (width 0.12))
    (fp_line (start 0.7 0.7) (end 0.7 -0.7) (layer B.SilkS) (width 0.12))
    (fp_line (start 0.7 -0.7) (end -0.7 -0.7) (layer B.SilkS) (width 0.12))
    (fp_line (start -0.7 -0.7) (end -0.7 0.7) (layer B.SilkS) (width 0.12))
    (fp_line (start -1 1) (end 1 1) (layer B.CrtYd) (width 0.05))
    (fp_line (start -1 1) (end -1 -1) (layer B.CrtYd) (width 0.05))
    (fp_line (start 1 -1) (end 1 1) (layer B.CrtYd) (width 0.05))
    (fp_line (start 1 -1) (end -1 -1) (layer B.CrtYd) (width 0.05))
    (pad 1 smd rect (at 0 0 20) (size 2 2) (layers B.Cu B.Mask)
      (net 38 "Net-(AE1-Pad1)"))
  )

  (module Capacitor_SMD:C_0402_1005Metric (layer F.Cu) (tedit 5B301BBE) (tstamp 5C28A6FF)
    (at 100.06076 117.42928 180)
    (descr "Capacitor SMD 0402 (1005 Metric), square (rectangular) end terminal, IPC_7351 nominal, (Body size source: http://www.tortai-tech.com/upload/download/2011102023233369053.pdf), generated with kicad-footprint-generator")
    (tags capacitor)
    (path /5BF2F8EB)
    (attr smd)
    (fp_text reference C1 (at 0 -1.17 180) (layer F.SilkS)
      (effects (font (size 0.3 0.3) (thickness 0.075)))
    )
    (fp_text value 10p (at 0 1.17 180) (layer F.Fab)
      (effects (font (size 1 1) (thickness 0.15)))
    )
    (fp_line (start -0.5 0.25) (end -0.5 -0.25) (layer F.Fab) (width 0.1))
    (fp_line (start -0.5 -0.25) (end 0.5 -0.25) (layer F.Fab) (width 0.1))
    (fp_line (start 0.5 -0.25) (end 0.5 0.25) (layer F.Fab) (width 0.1))
    (fp_line (start 0.5 0.25) (end -0.5 0.25) (layer F.Fab) (width 0.1))
    (fp_line (start -0.93 0.47) (end -0.93 -0.47) (layer F.CrtYd) (width 0.05))
    (fp_line (start -0.93 -0.47) (end 0.93 -0.47) (layer F.CrtYd) (width 0.05))
    (fp_line (start 0.93 -0.47) (end 0.93 0.47) (layer F.CrtYd) (width 0.05))
    (fp_line (start 0.93 0.47) (end -0.93 0.47) (layer F.CrtYd) (width 0.05))
    (fp_text user %R (at 0 0 180) (layer F.Fab)
      (effects (font (size 0.25 0.25) (thickness 0.04)))
    )
    (pad 1 smd roundrect (at -0.485 0 180) (size 0.59 0.64) (layers F.Cu F.Paste F.Mask) (roundrect_rratio 0.25)
      (net 1 GNDD))
    (pad 2 smd roundrect (at 0.485 0 180) (size 0.59 0.64) (layers F.Cu F.Paste F.Mask) (roundrect_rratio 0.25)
      (net 16 ADC))
    (model ${KISYS3DMOD}/Capacitor_SMD.3dshapes/C_0402_1005Metric.wrl
      (at (xyz 0 0 0))
      (scale (xyz 1 1 1))
      (rotate (xyz 0 0 0))
    )
  )

  (module Capacitor_THT:CP_Radial_D5.0mm_P2.50mm (layer B.Cu) (tedit 5BF1A08A) (tstamp 5C1BC026)
    (at 90.2 121.15 315)
    (descr "CP, Radial series, Radial, pin pitch=2.50mm, , diameter=5mm, Electrolytic Capacitor")
    (tags "CP Radial series Radial pin pitch 2.50mm  diameter 5mm Electrolytic Capacitor")
    (path /5BF13B0B)
    (fp_text reference C2 (at 0.601041 3.040559) (layer B.SilkS)
      (effects (font (size 0.3 0.3) (thickness 0.075)) (justify mirror))
    )
    (fp_text value 10µ (at 1.25 -3.75 315) (layer B.Fab)
      (effects (font (size 1 1) (thickness 0.15)) (justify mirror))
    )
    (fp_circle (center 1.25 0) (end 3.75 0) (layer B.Fab) (width 0.1))
    (fp_circle (center 1.25 0) (end 3.87 0) (layer B.SilkS) (width 0.12))
    (fp_circle (center 1.25 0) (end 4 0) (layer B.CrtYd) (width 0.05))
    (fp_line (start -0.883605 1.0875) (end -0.383605 1.0875) (layer B.Fab) (width 0.1))
    (fp_line (start -0.633605 1.3375) (end -0.633605 0.8375) (layer B.Fab) (width 0.1))
    (fp_line (start 1.25 2.58) (end 1.25 -2.58) (layer B.SilkS) (width 0.12))
    (fp_line (start 1.29 2.58) (end 1.29 -2.58) (layer B.SilkS) (width 0.12))
    (fp_line (start 1.33 2.579) (end 1.33 -2.579) (layer B.SilkS) (width 0.12))
    (fp_line (start 1.37 2.578) (end 1.37 -2.578) (layer B.SilkS) (width 0.12))
    (fp_line (start 1.41 2.576) (end 1.41 -2.576) (layer B.SilkS) (width 0.12))
    (fp_line (start 1.45 2.573) (end 1.45 -2.573) (layer B.SilkS) (width 0.12))
    (fp_line (start 1.49 2.569) (end 1.49 1.04) (layer B.SilkS) (width 0.12))
    (fp_line (start 1.49 -1.04) (end 1.49 -2.569) (layer B.SilkS) (width 0.12))
    (fp_line (start 1.53 2.565) (end 1.53 1.04) (layer B.SilkS) (width 0.12))
    (fp_line (start 1.53 -1.04) (end 1.53 -2.565) (layer B.SilkS) (width 0.12))
    (fp_line (start 1.57 2.561) (end 1.57 1.04) (layer B.SilkS) (width 0.12))
    (fp_line (start 1.57 -1.04) (end 1.57 -2.561) (layer B.SilkS) (width 0.12))
    (fp_line (start 1.61 2.556) (end 1.61 1.04) (layer B.SilkS) (width 0.12))
    (fp_line (start 1.61 -1.04) (end 1.61 -2.556) (layer B.SilkS) (width 0.12))
    (fp_line (start 1.65 2.55) (end 1.65 1.04) (layer B.SilkS) (width 0.12))
    (fp_line (start 1.65 -1.04) (end 1.65 -2.55) (layer B.SilkS) (width 0.12))
    (fp_line (start 1.69 2.543) (end 1.69 1.04) (layer B.SilkS) (width 0.12))
    (fp_line (start 1.69 -1.04) (end 1.69 -2.543) (layer B.SilkS) (width 0.12))
    (fp_line (start 1.73 2.536) (end 1.73 1.04) (layer B.SilkS) (width 0.12))
    (fp_line (start 1.73 -1.04) (end 1.73 -2.536) (layer B.SilkS) (width 0.12))
    (fp_line (start 1.77 2.528) (end 1.77 1.04) (layer B.SilkS) (width 0.12))
    (fp_line (start 1.77 -1.04) (end 1.77 -2.528) (layer B.SilkS) (width 0.12))
    (fp_line (start 1.81 2.52) (end 1.81 1.04) (layer B.SilkS) (width 0.12))
    (fp_line (start 1.81 -1.04) (end 1.81 -2.52) (layer B.SilkS) (width 0.12))
    (fp_line (start 1.85 2.511) (end 1.85 1.04) (layer B.SilkS) (width 0.12))
    (fp_line (start 1.85 -1.04) (end 1.85 -2.511) (layer B.SilkS) (width 0.12))
    (fp_line (start 1.89 2.501) (end 1.89 1.04) (layer B.SilkS) (width 0.12))
    (fp_line (start 1.89 -1.04) (end 1.89 -2.501) (layer B.SilkS) (width 0.12))
    (fp_line (start 1.93 2.491) (end 1.93 1.04) (layer B.SilkS) (width 0.12))
    (fp_line (start 1.93 -1.04) (end 1.93 -2.491) (layer B.SilkS) (width 0.12))
    (fp_line (start 1.971 2.48) (end 1.971 1.04) (layer B.SilkS) (width 0.12))
    (fp_line (start 1.971 -1.04) (end 1.971 -2.48) (layer B.SilkS) (width 0.12))
    (fp_line (start 2.011 2.468) (end 2.011 1.04) (layer B.SilkS) (width 0.12))
    (fp_line (start 2.011 -1.04) (end 2.011 -2.468) (layer B.SilkS) (width 0.12))
    (fp_line (start 2.051 2.455) (end 2.051 1.04) (layer B.SilkS) (width 0.12))
    (fp_line (start 2.051 -1.04) (end 2.051 -2.455) (layer B.SilkS) (width 0.12))
    (fp_line (start 2.091 2.442) (end 2.091 1.04) (layer B.SilkS) (width 0.12))
    (fp_line (start 2.091 -1.04) (end 2.091 -2.442) (layer B.SilkS) (width 0.12))
    (fp_line (start 2.131 2.428) (end 2.131 1.04) (layer B.SilkS) (width 0.12))
    (fp_line (start 2.131 -1.04) (end 2.131 -2.428) (layer B.SilkS) (width 0.12))
    (fp_line (start 2.171 2.414) (end 2.171 1.04) (layer B.SilkS) (width 0.12))
    (fp_line (start 2.171 -1.04) (end 2.171 -2.414) (layer B.SilkS) (width 0.12))
    (fp_line (start 2.211 2.398) (end 2.211 1.04) (layer B.SilkS) (width 0.12))
    (fp_line (start 2.211 -1.04) (end 2.211 -2.398) (layer B.SilkS) (width 0.12))
    (fp_line (start 2.251 2.382) (end 2.251 1.04) (layer B.SilkS) (width 0.12))
    (fp_line (start 2.251 -1.04) (end 2.251 -2.382) (layer B.SilkS) (width 0.12))
    (fp_line (start 2.291 2.365) (end 2.291 1.04) (layer B.SilkS) (width 0.12))
    (fp_line (start 2.291 -1.04) (end 2.291 -2.365) (layer B.SilkS) (width 0.12))
    (fp_line (start 2.331 2.348) (end 2.331 1.04) (layer B.SilkS) (width 0.12))
    (fp_line (start 2.331 -1.04) (end 2.331 -2.348) (layer B.SilkS) (width 0.12))
    (fp_line (start 2.371 2.329) (end 2.371 1.04) (layer B.SilkS) (width 0.12))
    (fp_line (start 2.371 -1.04) (end 2.371 -2.329) (layer B.SilkS) (width 0.12))
    (fp_line (start 2.411 2.31) (end 2.411 1.04) (layer B.SilkS) (width 0.12))
    (fp_line (start 2.411 -1.04) (end 2.411 -2.31) (layer B.SilkS) (width 0.12))
    (fp_line (start 2.451 2.29) (end 2.451 1.04) (layer B.SilkS) (width 0.12))
    (fp_line (start 2.451 -1.04) (end 2.451 -2.29) (layer B.SilkS) (width 0.12))
    (fp_line (start 2.491 2.268) (end 2.491 1.04) (layer B.SilkS) (width 0.12))
    (fp_line (start 2.491 -1.04) (end 2.491 -2.268) (layer B.SilkS) (width 0.12))
    (fp_line (start 2.531 2.247) (end 2.531 1.04) (layer B.SilkS) (width 0.12))
    (fp_line (start 2.531 -1.04) (end 2.531 -2.247) (layer B.SilkS) (width 0.12))
    (fp_line (start 2.571 2.224) (end 2.571 1.04) (layer B.SilkS) (width 0.12))
    (fp_line (start 2.571 -1.04) (end 2.571 -2.224) (layer B.SilkS) (width 0.12))
    (fp_line (start 2.611 2.2) (end 2.611 1.04) (layer B.SilkS) (width 0.12))
    (fp_line (start 2.611 -1.04) (end 2.611 -2.2) (layer B.SilkS) (width 0.12))
    (fp_line (start 2.651 2.175) (end 2.651 1.04) (layer B.SilkS) (width 0.12))
    (fp_line (start 2.651 -1.04) (end 2.651 -2.175) (layer B.SilkS) (width 0.12))
    (fp_line (start 2.691 2.149) (end 2.691 1.04) (layer B.SilkS) (width 0.12))
    (fp_line (start 2.691 -1.04) (end 2.691 -2.149) (layer B.SilkS) (width 0.12))
    (fp_line (start 2.731 2.122) (end 2.731 1.04) (layer B.SilkS) (width 0.12))
    (fp_line (start 2.731 -1.04) (end 2.731 -2.122) (layer B.SilkS) (width 0.12))
    (fp_line (start 2.771 2.095) (end 2.771 1.04) (layer B.SilkS) (width 0.12))
    (fp_line (start 2.771 -1.04) (end 2.771 -2.095) (layer B.SilkS) (width 0.12))
    (fp_line (start 2.811 2.065) (end 2.811 1.04) (layer B.SilkS) (width 0.12))
    (fp_line (start 2.811 -1.04) (end 2.811 -2.065) (layer B.SilkS) (width 0.12))
    (fp_line (start 2.851 2.035) (end 2.851 1.04) (layer B.SilkS) (width 0.12))
    (fp_line (start 2.851 -1.04) (end 2.851 -2.035) (layer B.SilkS) (width 0.12))
    (fp_line (start 2.891 2.004) (end 2.891 1.04) (layer B.SilkS) (width 0.12))
    (fp_line (start 2.891 -1.04) (end 2.891 -2.004) (layer B.SilkS) (width 0.12))
    (fp_line (start 2.931 1.971) (end 2.931 1.04) (layer B.SilkS) (width 0.12))
    (fp_line (start 2.931 -1.04) (end 2.931 -1.971) (layer B.SilkS) (width 0.12))
    (fp_line (start 2.971 1.937) (end 2.971 1.04) (layer B.SilkS) (width 0.12))
    (fp_line (start 2.971 -1.04) (end 2.971 -1.937) (layer B.SilkS) (width 0.12))
    (fp_line (start 3.011 1.901) (end 3.011 1.04) (layer B.SilkS) (width 0.12))
    (fp_line (start 3.011 -1.04) (end 3.011 -1.901) (layer B.SilkS) (width 0.12))
    (fp_line (start 3.051 1.864) (end 3.051 1.04) (layer B.SilkS) (width 0.12))
    (fp_line (start 3.051 -1.04) (end 3.051 -1.864) (layer B.SilkS) (width 0.12))
    (fp_line (start 3.091 1.826) (end 3.091 1.04) (layer B.SilkS) (width 0.12))
    (fp_line (start 3.091 -1.04) (end 3.091 -1.826) (layer B.SilkS) (width 0.12))
    (fp_line (start 3.131 1.785) (end 3.131 1.04) (layer B.SilkS) (width 0.12))
    (fp_line (start 3.131 -1.04) (end 3.131 -1.785) (layer B.SilkS) (width 0.12))
    (fp_line (start 3.171 1.743) (end 3.171 1.04) (layer B.SilkS) (width 0.12))
    (fp_line (start 3.171 -1.04) (end 3.171 -1.743) (layer B.SilkS) (width 0.12))
    (fp_line (start 3.211 1.699) (end 3.211 1.04) (layer B.SilkS) (width 0.12))
    (fp_line (start 3.211 -1.04) (end 3.211 -1.699) (layer B.SilkS) (width 0.12))
    (fp_line (start 3.251 1.653) (end 3.251 1.04) (layer B.SilkS) (width 0.12))
    (fp_line (start 3.251 -1.04) (end 3.251 -1.653) (layer B.SilkS) (width 0.12))
    (fp_line (start 3.291 1.605) (end 3.291 1.04) (layer B.SilkS) (width 0.12))
    (fp_line (start 3.291 -1.04) (end 3.291 -1.605) (layer B.SilkS) (width 0.12))
